6.882791
14.907699
7.877905
2.015392
3.693303
9.689439
2.500850
0.831792
5.351744
4.287121
5.185176
11.106498
21.798990
0.000007
1.487345
3.340093
7.402100
7.832705
0.170799
4.407266
4.961566
1.829544
2.989356
1.465211
2.381802
2.367322
0.042394
7.065469
2.798091
0.029564
0.962319
0.166580
0.028601
0.158656
0.458024
2.212806
0.685734
5.151021
0.771822
0.633454
3.830020
0.521849
4.856756
0.707555
0.872327
0.142926
0.272939
2.654909
0.000582
0.015083
0.035900
0.969377
0.115792
3.019036
0.036627
0.369715
0.075529
0.450647
0.495854
1.117133
0.018579
0.038911
0.057509
0.095139
4.087853
0.069700
0.021232
0.035686
0.034875
2.027239
0.510308
0.133456
0.000045
0.749387
0.663481
0.001015
0.535941
0.030421
0.039771
0.155373
0.736935
1.691511
0.264039
0.748749
0.112451
0.743912
0.137206
0.091424
0.033455
0.194191
0.005021
0.043436
0.005156
0.049780
0.000040
0.151416
1.081857
0.007322
0.045648
0.001434
0.035979
0.114717
0.002477
0.042334
0.011266
0.015260
0.043310
0.006872
0.006578
0.070287
0.035365
0.039997
0.124056
0.000238
0.056880
0.000997
0.073573
0.001918
0.000056
0.060849
0.146194
0.372724
0.030003
0.016991
0.000089
0.284713
0.323957
0.000169
0.000003
0.002992
0.010887
0.035745
0.093932
0.040048
0.049338
0.094084
0.000263
0.265044
0.003826
0.008473
0.143286
0.137937
0.267733
0.006309
0.263745
0.628324
0.001311
0.186046
0.639870
0.003888
0.012130
0.618100
0.013162
0.002499
0.149805
0.002919
0.010996
0.048448
0.050766
0.006410
0.192979
0.202530
0.113132
0.097660
0.018974
0.093750
0.056477
0.003463
0.227037
0.391720
0.431237
0.000955
0.002077
0.011604
0.010198
0.008576
0.006246
0.015148
0.291938
0.002478
0.006764
0.033555
0.014245
0.038295
0.130013
0.001310
0.027674
0.037811
0.281213
0.031378
0.013050
0.076935
0.029546
0.002816
0.002380
0.697551
0.350832
0.136400
0.007853
0.019624
0.073534
0.000086
0.002947
0.000935
0.049965
0.021042
0.001037
0.318283
0.021222
0.013929
0.034261
0.336465
0.002340
0.002159
0.096067
0.046116
0.171375
0.126150
0.029739
0.036805
0.000021
0.117169
0.077413
0.019328
0.236068
0.046924
0.000200
0.016459
0.008302
0.187371
0.028789
0.074837
0.029966
0.006535
0.176343
0.144829
0.311175
0.002003
0.094000
0.109421
0.003484
0.025108
0.006606
0.044071
0.002874
0.000371
0.002345
0.039036
0.071467
0.000277
0.024737
0.056020
0.000342
0.027654
0.075113
0.000605
0.022519
0.026219
0.004323
0.024937
0.000791
0.283174
0.271659
0.160108
0.111505
0.144363
0.022136
0.019563
0.009762
0.011928
0.067861
0.036779
0.071057
0.006515
0.001169
0.051782
0.164495
0.321410
0.046409
0.030398
0.021404
0.029918
0.114535
0.001035
0.117086
0.035769
0.020427
0.112720
0.000016
0.353234
0.014952
0.000119
0.075079
0.000000
0.001857
0.163714
0.017143
0.000918
0.020828
0.067418
0.057092
0.031851
0.021319
0.414509
0.084276
0.013703
0.169001
0.001083
0.014585
0.011359
0.378457
0.012259
0.034867
0.106173
0.877353
0.032952
0.002018
0.059745
0.181611
0.039604
0.158260
0.216907
0.263723
0.061228
0.005453
0.285743
0.065761
0.022486
0.018292
0.058202
0.005777
0.138264
0.352309
0.005126
0.001874
0.126501
0.006459
0.002268
0.040368
0.005129
0.013352
0.081617
0.041795
0.012924
0.007266
0.064286
0.108897
0.002944
0.483052
0.014658
0.005986
0.007301
0.005337
0.024960
0.238993
0.146319
0.000508
0.032506
0.149142
0.087482
0.083104
0.142268
0.026289
0.081939
0.063470
0.114050
0.095100
0.217648
0.010492
0.011941
0.002293
0.654331
0.005584
0.011652
0.108893
0.007599
0.001438
0.053542
0.081988
0.002717
0.013411
0.037276
0.007144
0.001612
0.000009
0.183155
0.130979
0.000151
0.089998
0.003778
0.014764
0.008014
0.067039
0.006004
0.216042
0.251612
0.004458
0.007863
0.103567
0.001226
0.009140
0.313794
0.138690
0.021257
0.005443
0.012414
0.027730
0.000998
0.072774
0.263060
0.068826
0.023599
0.073826
0.029554
0.167393
0.001944
0.034600
0.029300
0.004815
0.108478
0.022343
0.028278
0.002376
0.029762
0.007077
0.037000
0.336929
0.161880
0.021010
0.032022
0.017224
0.096047
0.145582
0.099133
0.075649
0.238060
0.051029
0.306946
0.024098
0.099243
0.003108
0.025341
0.002590
0.035078
0.047954
0.150495
0.003675
0.144610
0.244982
0.233198
0.078354
0.111163
0.164576
0.064268
0.280870
0.001771
0.316689
0.030178
0.003017
0.030210
0.019401
0.043803
0.038401
0.003672
0.028411
0.133998
0.014939
0.004767
0.054040
0.000015
0.032600
0.060995
0.000141
0.193513
1.320841
0.000478
0.047297
0.231239
0.038644
0.005633
0.008400
0.023418
0.000081
0.011604
0.001127
0.892379
0.396294
0.141342
0.098711
0.024258
0.016096
0.063846
0.003421
0.026523
0.007195
0.029334
0.020140
0.000060
0.024959
0.000385
0.000018
0.083729
0.000489
0.002069
0.017736
0.050324
0.002291
0.005050
0.059834
0.001076
0.009428
0.017562
0.050671
0.173624
0.003618
0.013263
0.291806
0.048194
0.002142
0.025802
0.043707
0.246101
0.044152
0.022923
0.003813
0.135846
0.001892
0.324384
0.001450
0.000254
0.001145
0.122859
0.058703
0.098327
0.027004
0.005730
0.020336
0.060098
0.002564
0.046382
0.009143
0.123996
0.005216
0.023502
0.070782
0.000806
0.000024
0.013053
0.022795
0.000081
0.034987
0.027909
0.005605
0.072325
0.019530
0.048132
0.052590
0.001914
0.002598
0.020433
0.009909
0.000518
0.065589
0.365401
0.091430
0.005420
0.006181
0.006096
0.027263
0.216530
0.025024
0.013477
0.085376
0.000657
0.009232
0.051736
0.000436
0.084101
0.010339
0.037133
0.003681
0.010210
0.103872
0.036729
0.082836
0.048464
0.013997
0.183338
0.028692
0.016148
0.029147
0.335731
0.000360
0.010846
0.015725
0.163883
0.000460
0.005863
0.003834
0.000001
0.000375
0.008140
0.044053
0.130053
0.005876
0.000287
0.023371
0.010644
0.003084
0.006639
0.016109
0.018910
0.186248
0.007402
0.000673
0.000000
0.003189
0.069117
0.207360
0.112696
0.115086
0.059132
0.013716
0.023126
0.009335
0.034108
0.015354
0.001315
0.003668
0.021013
0.022010
0.000024
0.004988
0.006008
0.001841
0.219349
0.008100
0.150129
0.005395
0.001326
0.000604
0.003638
0.000944
0.000979
0.000996
0.000143
0.000292
0.213694
0.000708
0.061271
0.145576
0.030822
0.012231
0.000341
0.018016
0.073926
0.007053
0.000083
0.042316
0.009682
0.002997
0.022621
0.175371
0.011109
0.002187
0.099878
0.096101
0.015124
0.008199
0.056912
0.020683
0.008912
0.105643
0.082791
0.000022
0.003557
0.034319
0.002938
0.029250
0.010089
0.002316
0.045076
0.002664
0.000164
0.003900
0.053037
0.012497
0.003691
0.021363
0.124644
0.053578
0.006980
0.003161
0.000309
0.028972
0.000523
0.015023
0.030189
0.033671
0.042325
0.000007
0.011235
0.107086
0.055845
0.103650
0.060751
0.067069
0.002000
0.166874
0.003173
0.008817
0.012493
0.003774
0.003610
0.000184
0.000237
0.012808
0.021235
0.000415
0.111379
0.066065
0.000098
0.000276
0.027980
0.034905
0.011431
0.018921
0.016278
0.002037
0.018528
0.024565
0.027108
0.023075
0.095842
0.001983
0.001707
0.031050
0.003030
0.045382
0.030174
0.050064
0.005795
0.006204
0.025419
0.004515
0.208677
0.001739
0.020557
0.034385
0.028799
0.240111
0.014328
0.024844
0.015650
0.001249
0.058610
0.076579
0.001197
0.028260
0.007316
0.023710
0.002727
0.009365
0.000815
0.010989
0.014280
0.001789
0.011043
0.073814
0.002444
0.005770
0.090527
0.030239
0.001207
0.052064
0.030669
0.000331
0.004024
0.006896
0.004836
0.002710
0.003113
0.002377
0.010882
0.000656
0.003435
0.019384
0.000486
0.007057
0.006950
0.225117
0.028449
0.113639
0.041611
0.118956
0.000073
0.000000
0.031183
0.007419
0.000040
0.012558
0.002036
0.004168
0.000630
0.014766
0.005805
0.008354
0.052828
0.004523
0.012610
0.062090
0.026618
0.048983
0.146938
0.000666
0.147244
0.026078
0.010812
0.019418
0.020642
0.000156
0.000000
0.000338
0.088994
0.001361
0.001574
0.027055
0.011215
0.004095
0.001869
0.058036
0.029802
0.017234
0.019403
0.018679
0.027902
0.005134
0.066647
0.021578
0.000268
0.000116
0.002505
0.002576
0.077697
0.199367
0.029397
0.000013
0.000390
0.070318
0.022976
0.002501
0.000350
0.000014
0.000604
0.003671
0.001507
0.000068
0.000407
0.081247
0.000048
0.007215
0.221934
0.246598
0.020573
0.031896
0.020162
0.349084
0.034818
0.013876
0.139329
0.056934
0.000106
0.005472
0.002173
0.003165
0.006645
0.142903
0.045538
0.048997
0.050089
0.453759
0.050156
0.069846
0.072682
0.009554
0.017205
0.003930
0.000215
0.000606
0.128545
0.002453
0.000588
0.038000
0.005134
0.001176
0.001625
0.037124
0.011737
0.019397
0.003420
0.000033
0.071572
0.012248
0.030492
0.008326
0.006281
0.014281
0.033411
0.002274
0.087110
0.009511
0.002711
0.000374
0.000071
0.000493
0.011395
0.022151
0.001783
0.115160
0.001721
0.033372
0.008265
0.281803
0.045759
0.095771
0.029598
0.022965
0.003321
0.203498
0.043700
0.017526
0.135940
0.098308
0.065077
0.060870
0.004597
0.012663
0.000342
0.000007
0.055719
0.017158
0.140256
0.007315
0.100231
0.016739
0.009593
0.021798
0.018343
0.000058
0.012116
0.037967
0.097358
0.262867
0.039684
0.027489
0.020641
0.030041
0.006713
0.006416
0.000911
0.007336
0.002126
0.041098
0.020305
0.005077
0.007083
0.002856
0.003316
0.005373
0.028304
0.008478
0.139700
0.078358
0.000986
0.005223
0.047370
0.000879
0.000439
0.000536
0.092026
0.029858
0.000715
0.036836
0.066170
0.026306
0.004764
0.000120
0.001215
0.013303
0.039829
0.030996
0.037283
0.012086
0.001681
0.007033
0.004329
0.025742
0.096517
0.004175
0.000161
